3.3943982865972675
3.735844656836461
-2.561264552079888
4.049241140445474
2.2211671358637317
-0.5941827968037767
1.5823114797506808
2.681315439211555
1.7926153564264053
4.550125058104102
0.08603324587761763
2.2369880327460967
0.18207594851753983
6.267517589615064
3.51731849497804
2.063956227262384
2.5137635575361528
0.39156276183913397
4.074048782170525
2.6833295233869663
0.17211152779949357
-6.156854785041758
-3.4353739058066246
-0.235973939337619
-2.9876096350734223
1.602105938947379
0.2375512792676704
3.0500097599011537
5.630160318704774
1.7106022992166503
2.472989521960988
-0.7428636256866024
2.9000709817734345
-0.4437193601832865
5.1234009701809455
3.7724181812091624
3.582238563471508
4.185273659433051
4.8324046163403445
4.0173765311118865
0.9178643190984898
1.094498101201892
1.3071363571495698
-2.778173016336475
0.4220323676788085
6.877108393634527
5.538961613040155
3.5290157622344163
5.962912325510425
5.7260461126701525
0.11185897502545195
8.535985447568322
0.44929147730390007
7.729461393638919
0.6197859522635617
2.9443128004978236
3.5509081255978816
6.100930330419165
-0.2017221588937017
2.5824311273962324
-1.109113460383523
-0.22114622629582392
4.241071926379119
3.820646200625797
0.046145754575734
-3.933894191684314
-0.6882367692333919
-1.9439146388295048
3.2953720739628105
-0.4135133474435373
-2.523110116069505
3.752644923400922
-0.7305368659420726
-0.7163878058867477
3.819871240433877
1.35872406492123
5.5048592346283725
-2.1819043398846807
-0.7160068888414908
1.31964129447489
-0.6934379474974661
2.855717305085575
4.7564175155947686
-0.6179806154512972
-2.4255983687213667
2.6348461591028505
-3.4515841072614393
-1.2462587105433323
2.6743819282425534
-0.042648420833534484
4.526198991730578
-0.12442603747223258
-2.114706521413147
0.9507671180774392
1.1635763498747873
-0.16445057891741754
-1.8514037333508093
1.8542783545032342
1.245493033411583
8.390691516307736
3.4544316644171236
2.435186849911946
0.6508179664810446
-4.942261035265622
-0.5037618676892226
0.12696753249349313
3.202032095447092
1.7353349306685413
2.6941866758433006
5.803433087289742
-1.0023456334496097
1.4920847560644719
5.442869626087168
5.3047788348946385
-2.8045993964468474
3.5990653622857045
2.0535193273259247
1.874508768496623
2.2059183371724127
3.01766277761193
3.58964633634483
1.4504818914250084
1.6619792101238304
1.8319469316689776
0.07708611190989201
2.5478859471923156
-2.168270106915842
-0.7222999270758885
-0.8141056642221516
7.572879855692481
2.6264972287649417
2.8586312284789184
1.487612933255715
2.156095298238937
-1.8068005203271005
6.7423345030898485
0.6362853587022164
-3.6480295258439366
4.429802009330595
-3.0812320384341385
3.499735718551687
1.7481428343426761
4.4112734346554525
-0.8189744141892557
2.8447002683558456
1.0550930586619924
1.9416643349272773
0.04735924903761757
3.7637743682961537
1.494026222826196
-1.8209472729591023
0.20199891146711724
5.782984716966447
0.3053787038341662
0.8372314948219118
1.6813630496159444
0.7303695837936586
-1.7640583548516524
-0.5399964737421894
1.31116019481334
-0.6201443792964079
-0.3153848667812569
-2.1198313467590535
1.0244481302944417
4.7538057697036615
5.390885805529727
1.865141835823783
7.030293236713346
0.3458522208820636
1.276122186317235
4.876402238493142
3.095038631532982
4.561211881568536
5.988844010389363
2.414748941107384
2.2055148924647767
2.9913597692237825
1.495710165890863
0.4457720446465716
3.050084087796287
1.7950665676592434
-1.4734078716305685
-2.0859058823234546
-0.12959717461977238
0.9789232259763515
2.7492103372470575
0.31442379164389167
6.396448037994254
-1.322359574935081
-1.1318732965783007
1.6555158946545603
1.2835347214438992
1.4238099058693656
2.159123448083404
-0.5148373507538504
3.2409516360407293
-0.2887202276375065
2.1174574799833374
0.3717563429339703
0.6718711550473006
-1.0541871411992845
2.873999771309788
2.082554941958464
5.078825764795713
2.222237808055554
4.471091740713028
2.028133435033148
5.350645081949306
3.241465608476981
0.05057812401576056
-0.28022153878541944
3.7668539498731435
1.5529648104855016
0.9377888899872061
5.8589311443051
0.7235834475382327
-0.4458904917589541
0.6953086564564649
-2.0892096011878833
2.9495802826523487
0.10807130553203748
0.3281979970873887
5.626282273458553
6.938695071539837
0.02307284059148751
-2.3085303676493427
0.8993351525191092
1.5274566740819482
2.899294619149269
-3.931246237172214
0.6257911680561801
3.773509704548376
1.533157033129332
0.8449001516466844
-1.5344585327503166
4.4510928184261385
2.5628693642206213
-0.9966920629870257
-2.3919016207267743
6.342658206228175
0.8009260854805687
2.5582719065605763
2.8459319473728706
-0.3746228634759783
0.3814923299764952
1.666889555207477
-0.5453820288245921
3.2138849446389983
2.6105861480068464
-1.6206722784846366
1.9652018690867719
1.2380197961917907
6.341399042283564
0.6802782332316724
2.1080858277017374
3.0870673721251665
0.0851707153364687
1.8782650108212646
5.0685023521182515
-0.29084602961789896
0.7766944950164102
-0.5975156841943434
1.712030881452717
0.3647172110372674
3.0033367659266523
2.7823101148117724
-2.2140699375857236
0.38587271525056654
-2.261523219325393
4.548134949434435
-0.1349156107395364
0.8164476571991566
1.2765827327883201
3.491435455472291
-1.0007063266259038
4.536004656825131
4.1035382395862054
2.817303398925922
3.1132972183738197
2.467678797589924
-4.625284863014249
4.7752719291741155
-0.43094354132116
1.5237991748582214
3.232751228782175
0.39668875941207604
2.673651778277905
-3.931169419996894
4.096534238139217
1.8727242125294343
-0.13788929246032433
-3.810123404245136
5.051897217490632
-1.7583056760172746
2.2609849451785675
3.992059132420233
3.061402735278647
0.25129936996019264
0.5862981144814065
3.3771486001512185
1.0531272236482576
-1.441475520918861
-0.7353497155752939
3.9239666604713213
-0.6215682407720466
2.7081350823859562
5.0442275386158
-0.08279009770716095
2.8743426950223325
0.34340999047779563
3.1652639385209254
3.339750326525726
3.9169802320482163
0.634382592649703
3.4586619716742018
4.618040221756777
2.176033952320159
3.4351321178834375
1.1475372450862695
-0.4338829631263821
3.3902279189164863
1.2912185608335363
-1.0300405094300005
-4.649638383756686
1.6641988116737763
-0.8313448570285478
1.6676320855923197
1.8342302783691256
6.563446486022873
-2.936948888020602
-1.1001284015626882
-1.4420388769270889
0.9454217675659202
4.774158543520632
-2.667275333515658
8.383046124048553
-0.6844776673280761
0.6240606822082335
0.36472272654556126
4.761149806083912
0.993768498440375
-3.685862085530462
0.775618282465626
-0.6869897885670033
5.688269996543816
4.587883048296865
4.190295977769088
3.414417387601717
5.0312969045282925
-1.1163033550354875
6.044313524154749
-2.340902270079105
1.876271638270539
5.168881541967434
-0.722861113634079
3.1737176471446302
-0.2898632426877974
-0.7906349976245681
1.8776923666808627
-3.475164877209509
0.26573426898050956
0.8774100901304249
1.5200992644112725
-0.9883803998001635
3.25445802517363
-0.10720237260104026
-6.07859392101176
5.774764651293594
4.4157138443763255
1.8984978974849351
0.34209363479111254
1.885457172091195
2.963578100957483
-1.656267017645737
-2.780600435193036
1.7993880125921655
3.2675854838286633
-3.398680653626294
5.230301291680719
1.4577514930753979
0.4156409388188649
-1.0691548562422417
2.767943333599077
-0.4262985897348006
2.989184117938166
-1.5647153718020599
1.1498931152969176
2.215811167433202
4.381055315972435
2.016754049284994
3.6424249486744373
3.3104093719516303
5.092751144422794
-0.11866815665085184
-3.811414601617093
3.510650931311129
-4.37469494215437
1.4821062855449458
-0.27517955841354147
-0.788137470303147
1.1113800785218637
-1.591282716387148
4.410386093740321
3.267591270296504
0.04356012562753109
-2.4862485862437786
1.2773517191332942
1.001708653590433
0.5892503965942992
-0.1670872522610516
-0.8336753950723654
-0.45964295471224825
5.838493562995867
4.969550877607168
-0.27238845396021016
5.252952640783336
0.35543972686990366
4.6378408934608935
-4.3308681580987525
5.993211364871648
-2.3831771890501035
3.4222195397777
1.7733861351521503
-1.402386218749951
4.592527182800886
-0.43268380979899046
7.2937377857178705
3.5402600369556523
2.3863841642855403
2.500119628589384
-1.1812686810848598
1.0019233468701607
4.00413253147855
-1.9877787998478156
-2.869009955112463
0.37521542500540606
0.9138589152805789
3.349646707821323
2.0068548967642847
7.0347367318460865
1.6208291622511468
7.800441789302167
-0.959396449015745
2.6560719378216766
0.7097250314780349
4.375988256663051
2.368996024848504
6.063429788367705
-2.289085902800917
2.4346777305750873
4.203725488420056
-2.846442207624463
5.315559110605664
1.154396888221811
-0.06828704257456408
-0.8323933528009375
1.3894464059959557
5.452181157313568
0.4985837034720084
4.574097683583966
3.336964717206028
3.6085988248276637
0.6636558574988742
-4.026021598895672
2.2454818712038143
2.266980755565906
-1.2162197190485124
0.9358289792980823
-0.2137714284222656
1.6057818769055694
1.8945491038417732
0.6439076499857115
3.2670481345591504
2.1435518540725154
1.3262613779155783
1.9267037665717734
3.868295651669324
-1.0798508289470545
1.3190883653490109
1.829977688474916
2.556838506165996
1.1128368524364096
0.7254076230209704
-0.23227863733519238
0.4841238928988356
2.108819435930818
1.1405887579911302
-1.7955661856008773
0.9548599950727814
2.5274841043801457
5.954583076476058
4.301134082751892
0.4271741373651019
0.3733661337636338
3.868473266715547
-3.7436053867537735
2.443807508627697
1.2812388441495
0.3573576163474721
5.7444886802463
0.6264249903493561
2.915430328436706
5.91695587004007
0.31969366888879924
2.766233641964408
-0.23014122845247686
0.3003850258357277
1.491142916475517
-0.006786041581333002
-0.5670367116541191
1.0146335873224386
-2.687288134216809
0.38573897201283436
-0.5845495911811445
0.9045140727228744
3.992561664530502
2.3586791158344242
3.2828208968789703
0.800623507361318
1.662714401211219
5.90085475937811
-0.051153984093595284
3.690579625953041
0.16516379460919062
2.850562318465452
2.631934281305795
-0.7373805783409022
-2.8306314131390016
1.5327491760811724
2.0608484645875302
0.9422458838894241
3.9433971886880634
0.9995177897660742
2.0884815061146975
0.977338947315595
-1.1232213966426419
1.6824465711286882
-0.4175345406481028
1.3731749260623558
-0.9663878478012684
2.758378867283069
-1.329282948479333
-2.094095231933348
6.029998051610868
5.4794418044910405
3.6485614029583533
1.7889248696042674
4.635632428444385
1.6841571961080515
1.2919357074474775
7.480983106253921
2.2284130156194744
2.3242484140662167
1.8849132625123342
1.2393767676201604
-1.0887811663652105
2.505875980382515
1.2591364930629338
3.120351001427558
-1.0476962463630377
1.109005789731747
3.320435161751143
4.278611430426825
1.833082745276265
2.476681476049572
1.7735721742924613
0.4613799668990626
3.0031986220681617
2.0543533784214723
2.5327493061862976
6.5182478353244155
2.2780947136258813
6.10072970425605
4.508582840923208
1.2944607942356863
3.3800429818365947
4.101969305783678
4.618146049672095
3.7098400766642063
1.2388664073752371
2.08024449564925
1.3429615195354656
5.833158832578808
0.4328654489907877
1.5776757707628408
7.698618302490254
1.5468557990643554
4.269129505461192
0.13670789424865926
3.4572725875569956
5.052397418435389
-0.7827287842812769
-1.1345483463484105
0.7579565739413392
2.568078839150318
0.3606935583940265
0.28274683904512643
0.922602992778276
3.669753081005711
-1.3350450475178341
3.4259531177097973
3.032096751654047
4.52961858587379
2.9190527350453976
3.419807518471257
2.5079213551054846
1.3162046427569976
5.217534447533694
0.8391018717205172
1.0417231622311018
5.35816384914482
3.140472071324575
0.21324829193710082
5.9474520384853236
5.809481879106392
4.599415595551089
2.8453772548303102
-1.8015845450821995
1.975257143543339
0.27009105556371793
-0.07982676907676778
0.15256106821034598
2.0667237519022947
3.349046574087394
5.841548766353387
0.9040789406165841
0.15162522442762705
2.3594827780894048
1.6177039209631399
-0.8671885877057801
-2.1423631796738647
-0.07763874917914682
1.0090840644915693
4.24250594195478
4.335537991500885
2.928441843766529
4.541520286063442
0.023863724297868538
4.771018612474386
1.7437202305291912
4.53434182257822
2.4080247494164237
2.6985011310452
2.9007632299403423
4.763813243747984
4.395483257935978
2.715041471400138
-0.04032847944971274
3.497783929923983
2.143047765473858
0.7022128261323478
0.5048231192566389
6.40049923691491
3.889643248240741
-0.39346001563973676
2.8747894020660567
4.074235653016192
-0.40980467730248527
5.967250515226536
5.046283197563039
-1.203219740407738
3.5828715700039475
-2.412455271548688
5.862588762632529
-0.4575205427943494
1.4166595805192654
-1.0830038282187275
-0.37746267817383816
-1.2799091220598822
-0.2245792657848127
2.897260257341152
3.689814121112833
4.915847558112894
0.6783361328044144
-0.9823268843187871
4.085183794146136
-0.45306440704036977
1.1915257774597339
3.2179502632937953
2.055873422321962
2.3242269072510835
3.8245937550676534
-0.26019196751755036
-1.3212665420497975
2.8515358670717426
-2.1639968245790167
0.6138804229758471
-0.766550737135602
4.3759052452035885
1.8916653316673635
-2.8320413803649673
4.154096046942142
-1.1152560182237181
-1.6239958310175346
4.728691471431359
0.13369102390703502
-2.1803729976644295
2.4485301381660416
3.375668213699985
1.2053100824333574
0.6757903617683161
0.618374101782159
2.812050519378059
3.1078722204043343
-3.5091864203313863
-3.636968507479329
3.1552810997260545
1.0832529434781777
2.011811708675753
3.5885667447143264
5.030300394175435
6.513383434780841
2.577619109798615
0.4216876880118803
3.578574066615626
0.5562789984363956
6.062152630425853
2.7989182869038003
2.596225467363408
6.266223700470718
5.182075619888369
0.007203288246226736
0.05010704782916564
-0.13107079015673606
0.1712218187237433
0.665767742203145
1.4718177329449587
3.0859369280089677
0.8726670934101263
1.2616909035040387
2.754547172160432
0.5793982963375849
0.8187381879334465
2.7221540080870033
1.646762180004176
3.5654682795459336
2.343904437868563
3.5696335358947464
2.6252668347519093
3.9718072514774363
0.2347674767506176
3.097604627292693
2.697143392841116
-0.346536620987264
0.006955111825372562
4.29508316324784
1.5931633396437959
0.431081843152993
-0.7714144781371641
0.5460991086622242
-0.9752384239974501
1.5343541532059743
3.946555171938091
-0.028009250286976428
-0.447908840006636
-2.5242646034997085
-1.5633335904214043
3.8526781185673005
-1.7180764389962402
0.13832781918842296
2.313152544054474
3.4438561633739013
5.667949263960057
1.1586008438646909
5.510510305059283
4.709644736607444
2.1548226306504246
-0.9761067701785744
3.432532724109344
0.3931319286749462
3.507974546932886
2.403673111899307
-0.3897378083240064
-0.4142222354394478
3.80743342050911
2.3387074589123342
3.1678399534538517
-3.852027498207513
2.054011930929724
-0.29099008965736095
-5.963425551087961
-0.7245707818594513
1.2298350062663936
-0.20052329324055895
-3.3567611324210382
1.3883392532183254
-0.3179473963754982
3.270207442868413
-2.2166080885385044
-0.2007409623265779
4.997770077464105
4.536044145192633
-0.8003057089271675
-3.420714274486053
4.894922916666516
3.212355564777443
2.3329366690748996
-2.5321236295227916
1.434567998567075
-0.7787273947727407
3.8472157448711335
-0.9784743907671078
4.421122912791409
0.7920612079485592
1.3082709777918458
-0.4150744775393458
3.6099301403953277
3.216935288605554
6.368924975939006
2.466161427487301
-2.1289414374764783
-3.1584186229459474
1.922168035097835
2.5487297704593486
-4.364552587204825
-0.5258476819924636
6.4350989944418115
0.9161125455379241
4.736620437506161
5.591240035784088
-4.32406620486034
-0.7915389091816039
4.507967922576224
-2.0103212360532607
1.297936963483006
4.944669948096645
-2.7983803157756197
3.8274659690255666
3.7640338418940744
-0.01389986318649794
-0.7674244346336643
2.326792179916442
7.710210073433645
4.828325812972894
5.546403646077918
2.634131656892282
4.53966581389024
1.9765218315141877
-0.6461188931290023
-0.1575467674101696
0.7989540069240743
4.997008940031645
2.456157943656578
-1.8753130467418364
2.7420462684226967
0.5321388072893195
5.689583519257953
-3.6448240344098393
1.2795430181556786
2.595786097377652
5.384624583359933
1.567309956733073
1.3288217064027237
6.321896897065052
3.240054776949947
4.442432661070097
3.3728624967357907
1.3902757021506675
1.2182299085530355
3.590281025034517
0.5162384689250114
0.5466136245415373
2.681208627478564
0.549399823070943
2.266168071677254
3.7407321113323153
-1.2249111851295198
3.033154136003109
2.9627319890319344
1.224213240393918
2.3490722040045866
4.037487221829168
3.06022366702069
-1.5834297678504483
0.08770241755916519
4.91404712490746
-1.6879288271449022
3.9970220106079024
2.6507357166974046
-3.9335189772540993
0.4800075382228586
-0.617800815323311
-0.14273203013409708
3.123460152736178
0.13592764310115912
3.332011471745564
-1.8609403252923218
1.3596673056242112
-3.1185464415064166
3.393559064995909
4.51950644018452
2.1576446575735178
-0.48236556258969476
0.43398827261385886
2.621907306678841
-2.233639392814184
2.5639526282046994
2.441825398905117
1.0039202616752143
0.1286533017776601
2.904411105633833
1.8458026917001789
1.992507066672324
-3.307403034422265
1.9176754736106005
2.285880912680873
0.5680220840501383
-1.0412169431188847
1.487854797884753
2.079829847539457
-0.4483470104050269
5.359029471074392
2.4532579527438747
3.111875902478076
1.9990550684219364
-0.9422501106358623
1.2933878494792759
0.6431230486456581
1.9259050621926928
-2.19200497542781
0.361872941298941
3.689060704894919
-1.1122121606932285
-0.6139003865382189
0.7167219491020886
5.029991067608625
2.561394614934472
5.689762467297505
2.8610270692949307
2.5825640223670967
5.78103212719581
1.9300135796512756
4.131290207622474
-0.5168362009436005
0.007350112111627061
1.6960873270467915
1.1353697676621257
3.1001931143375794
1.4478242434611925
5.686794451413523
1.488446941150915
-1.7189926574931111
0.22463147976964914
0.7786580170111825
0.3704001870026552
0.8847727296616067
6.101635880641051
0.8461830169787145
-3.797382652546479
-4.2221349013050515
0.6660302954247667
0.004499976646830328
-3.5995022189467836
0.18376058906510973
-0.3692298676021355
6.316822092868188
0.7252981468622233
-0.939545061695398
2.3826511294136976
2.1578330481180235
-4.7204526533805105
-0.3236731298757276
3.668325000599703
0.565457298223442
2.690070785571174
6.254790945908837
-0.12474958889962928
-1.191124032624511
3.0072562290775005
1.9439630140728912
3.2031395807612406
2.7633606322542814
2.384535022043123
-0.54189481322704
-3.172284633756833
3.9447449338485847
0.4412231913114555
2.479849436337131
2.0997015392649407
4.417030134242062
0.1354517319039812
0.5617369805802707
3.3852672228615965
0.8324014356665125
1.4752996200677522
1.254964683694241
4.557546876634487
3.6394832267815174
1.3999785391462183
0.3243646478475708
2.503767606493459
4.050320209180803
-0.975699055241618
5.8413360054932255
6.422594389243812
2.2602569459739965
4.434668124042502
2.7978604449620246
-1.180565650219037
0.25491789082301874